100.33358851886639
101.10935936063755
102.15978684169245
A
101.96910146228045
103.4704844462794
102.6197677283522
103.5823521540348
105.95223624844763
105.21645478185056
105.06553144039374
106.0860788180866
103.85409882874943
104.63217412735882
105.59072053724347
106.54457439914461
106.7495430424508
107.15720591982921
107.24954229788646
108.86818222844906
107.0646367432431
106.15367144439243
106.06652584508096
107.37340627936153
107.78351598919988
107.60163731576218
106.91348604824306
105.48292092965465
107.10623849672743
105.98925712665378
105.97916392696132
105.70112710528397
120.18066886082592
94.80686120032563
102.66402914019564
101.27064746538764
101.54899335997385
101.68026382239692
99.83017454967293
100.20368918134027
100.16182984258133
100.85482037855046
119.13347415920248
100.51750701704475
98.59325584632569
97.4280728627874
96.98161727950863
97.06964410845498
95.67593214758315
94.53172772151026
94.46639644961307
94.646506348681
92.55389096828276
92.00178641885884
90.57790616449611
90.29118792353907
91.04953193946874
91.01685009923838
89.96811011636676
89.22593578348534
90.08698295787177
88.29583500060873
87.14267344311281
86.80596883997279
87.3455918781023
87.61174504720739
87.96174918250952
87.67407882347587
87.27449752594222
86.43029238721557
84.13810098323465
84.75242960280889
83.54554185263416
81.65498669083185
82.43189253942845
82.31371385933447
80.41894155079052
82.28210321437375
81.5200689408255
79.06993202839274
78.37947074752876
79.65417983924996
78.82996771852955
78.10902176662421
77.62868225030527
76.45736769774027
77.05425614536324
78.96004106451772
80.6891923898647
81.48310680730573
82.99704641143643
84.04318513872542
83.8815990129904
85.20873221702895
86.94642985291503
88.10891651510367
86.9890890371912
87.89414200782329
88.49593696219733
88.96164841070149
90.02937539410685
91.26496080594526
91.32244662827166
91.1254634647805
90.75807833666047
90.6539503487301
91.63882856724595
93.56084025337374
97.26304669194724
97.50129312146386
96.12839702762692
95.67616906400612
96.34110487883795
97.17910359167269
98.82518915822476
99.81075668704274
99.92309124486071
99.87869955335108
98.22349350913679
98.94196540782963
98.38396953694478
98.51643298393364
100.04190956397068
101.66538796405742
102.7487285787736
102.14307585511173
101.9492512831293
101.94381380743096
103.48116092051013
104.8318202246529
105.36857721881324
106.07829750335769
111.45415640831513
107.40668926246526
106.24211647253914
106.81381760559665
87.29583057247093
105.44171170789255
104.10740047863996
104.25572291592152
104.72454276570542
103.07116322426933
113.1605289049503
119.24510386525318
100.17729383450803
98.78521359108622
97.78521028017975
96.82662177851421
95.08620595453624
92.76760765217581
91.2698596274397
90.91490392240577
89.84270194876517
89.1680627634094
89.92333419650032
90.36553881673613
92.17840765105784
90.19293061423635
89.73059823086638
89.31543319754246
88.68019810838527
88.18846359411663
87.23873155994806
85.81596651179466
86.6474689856142
86.64489699908452
85.33750374158717
95.42680607240953
84.49142289994337
85.9119972034893
110.44627674366993
80.80380897319611
83.29597061312631
82.41960085768895
82.10759913103462
81.56151326694524
79.71094218859602
80.51079971646223
79.15420966143273
80.08524688372218
80.15980229318069
79.6634042970463
75.45002487176444
81.6547666910141
81.77923246119535
81.92501060067694
80.97710613065321
83.56401862168428
83.8868468925099
84.04178114698584
84.45733818674331
84.403088211539
82.46236335720667
80.63748828450059
83.07782830581948
81.28022519832442
81.81170434045706
83.98037504905105
85.21160656280873
86.57854689891565
87.5767160668311
89.62605849256708
89.33681613669503
89.27021191274866
90.04325620532165
91.29818486945364
90.43771670173975
89.77619856358329
89.30132204101888
90.2013273760372
90.74378768851088
89.45297170944505
91.74561366780263
92.1727077896562
84.00941676704609
94.30684254003141
110.34235746324583
93.9090466978039
76.28761824060594
93.68777801886866
95.11600176421659
95.1622635399227
96.4565248451041
94.9037745531916
95.97626041600977
95.2087333846051
95.27459123529026
95.52033394460193
96.03294682759812
96.4678290079484
96.25853972746246
96.68236122836713
96.80773864073551
95.01618204036737
93.80136678866305
93.3515992312438
93.85902786728384
93.06358320689277
92.51628633849138
91.50915972116421
91.74009517557886
90.66425997810028
91.14136975444687
90.08914002259912
89.57657349358391
89.20198802812808
87.56568732040557
87.26236473903465
84.49944188245793
85.27332181288722
84.62553947022022
83.38288406610458
82.15997613847598
82.74645238451902
82.4151204139005
83.28234831555588
80.34308158875454
79.9193641612941
78.34217239975784
77.91163403979749
76.95846568351197
75.57556539196518
75.30488843906618
76.91683100394795
74.6699656834171
74.34665442574948
74.39648548718306
74.6019288094951
73.08295642926078
72.64490241230027
72.3276180504407
72.18029125860492
73.905270067417
73.0895030864541
72.86908127712229
73.06906427069205
74.25429933851788
72.38686372805478
75.02888730654855
74.3525957016237
75.56797323539779
76.7431996966442
77.2426482072328
75.81698113173118
77.05320728984785
77.76033536923569
76.76363743496577
77.78746193225095
79.81712594229157
80.33534743720094
81.867782097727
67.38986111426395
85.62483627551204
85.50699837673238
87.29651927885084
86.78670491972413
104.28756669942358
88.3816900460933
88.59937489403642
88.19961641031219
87.00179574729873
89.27768144313679
88.85179121457082
88.9690032051936
89.59736046490313
101.31264499099277
92.6158466111457
91.67865077532011
92.46226870659271
94.90593012303177
95.13596707233944
93.83190020655536
93.00167866024088
93.26583558874428
93.27170567450374
94.14059865863621
78.57280787111338
94.53958425992221
96.33442457706131
95.39902974838485
94.96654583988735
96.15185210227912
94.86267283624744
94.47088713219456
95.12323077654924
95.87289437402255
94.3435127436077
95.00185889667014
95.36232500586641
95.09450120389867
95.98100136088584
98.21310040705656
98.29266226215087
88.33129084296024
96.59064545184404
95.67875539617735
95.14093722942951
93.10665285427343
93.95810258980316
91.77675336152302
91.6348870523606
91.61135689190294
89.80772722848278
89.35503715441656
88.52548563975053
88.06210208058265
87.20744450764344
88.76829183251392
88.61069981480424
88.38581631229964
86.77397470048712
83.90571028939894
84.0859521178823
82.23460488044401
83.54921347064092
83.85063178180332
82.6943127569503
83.51138995884955
80.67195137951369
80.5809324905946
77.59156070185772
76.22104207922
75.91602287433447
74.96086357149142
73.30121001933895
72.90449896145364
73.94406841816382
74.55172058467441
76.83415926688255
77.6599045755002
78.41150966471444
78.77767441743893
84.30181080106125
74.84543769260783
79.5864275708229
81.96463602394411
82.01152284311175
80.96111181587494
80.89502736065862
81.34176744171467
81.5394753304841
80.03742657167169
80.6837220282946
79.7955810188168
79.48722297452836
78.64557780613816
80.25251643993246
82.60186636186472
84.04741578288274
85.87318900118049
84.37470447119843
85.25051807008218
86.32851378432599
86.97684809699703
87.98573010980506
89.48048051149836
89.36300151585289
90.12682015751491
90.38260316977852
91.57850909540534
91.0323491762098
91.58046097058515
93.97498059348996
93.34668860842639
92.66005343098267
93.67357376961712
93.29911802689945
94.23818638394562
95.64340646913996
95.77140239994304
96.55247889820922
95.44841865692766
112.18972253418144
97.38248341534239
96.69169525705153
96.84243699716181
97.11485129108736
96.62721156116449
97.61212436134304
99.54536609231906
99.57107422325875
97.5533267445043
97.19672421871913
96.8166450558473
97.96995171979722
97.36511620391995
98.91043272346856
106.28712984027635
99.41244949776878
99.07950042479999
97.9722859699627
95.89664594762729
94.10215481862176
94.07066509635712
92.18097833283632
94.43459750640845
93.89642172670959
85.35939769123374
93.44343612414305
93.91726043646194
93.86840884149669
93.99471006357965
93.984061039825
91.67554522414055
91.42537150084371
91.01695332776885
90.47848307150986
90.26466781608457
89.01124455323972
99.0976056398184
88.25758324143983
90.106903851306
89.12702644195208
88.56122855814922
85.84241588067627
85.13510175991529
83.28976228710653
84.06297344890957
83.98211534767654
83.88948536003977
82.47877459879582
100.79560691273386
80.8616069245854
79.76550162483944
78.73767635353934
76.75164346262719
75.45880413168027
75.39380421424816
75.12928148592805
74.056799335219
74.26794702082046
75.46674029651915
88.57064791553198
72.97581672576096
74.11824086116391
73.31668313708339
57.602908073604326
74.03721306093252
71.42448703879985
73.16584648860821
71.14521878815793
71.3234013659931
69.94518616456844
69.46460699710455
67.9148130953131
66.9662454852949
67.47599040164567
66.49086177995709
67.28590552916268
68.24280313942265
68.2525256001646
67.72468373241622
68.06348848433075
68.25234163137623
67.65725862488189
68.05024161382727
68.9597648689842
68.4105111091101
68.68860879203743
68.74558195616916
68.87207376687942
70.10126663795056
70.76386607282306
70.50551467826517
70.73117756333984
71.56960254229817
72.55113991807036
71.85880665403445
73.180411188248
74.1655248480289
74.51659060715349
75.51454871589769
76.40841356415046
77.73421994423336
78.81326683916706
80.45650082916565
73.09089440545648
79.74277135020509
79.27409593802176
79.07201517940594
78.57142941768595
77.44716100906047
77.14439919499213
77.95783434430871
76.78936342048607
76.27592068156187
77.40941001168643
78.98998067532615
76.22580995691229
75.75387572369354
74.90314503856159
75.20600448900254
75.57873893085343
75.87197163288346
76.06727472937385
75.81314784958005
75.29081218203378
73.33330245660828
73.65468746936472
64.84483226933816
75.19966119431665
73.9284858739151
73.33436106185263
71.58716162213032
71.38525664778706
71.03172266373434
70.84978527261056
69.16717296300502
67.54271555086436
72.76039425010414
65.93822670330192
63.80071396975341
61.53926932764112
60.233096717141194
58.58828765507987
58.64304397097716
68.52784314894642
57.321885387995785
56.34750254932714
55.69592612586493
47.1080637888056
54.91575732412108
54.327801427145225
53.52766734633543
52.42836454737001
51.963464705790535
51.32191783326874
49.58880092617741
49.76065032275628
50.35720476207749
50.05618830716531
49.609264966678836
50.11353028379642
51.42126573357549
52.34621999745781
49.93983164939802
50.39475038922169
63.959232234411274
50.90437185280259
50.30142311833399
52.23377975779264
51.87817087956516
52.14044659697863
51.07817950101902
53.59756097104331
66.27306706874967
55.13533377699301
54.96634819600973
55.92660697604143
55.77791578303453
55.029731373839866
53.43197581610238
53.38809467520276
53.524893827682746
54.12624829468528
52.59960780010654
54.6939112207752
54.04279564940487
54.685489139690624
56.94579837825399
56.52376384229453
57.46640896949393
38.48615361035595
56.88006414481954
57.41670482101011
58.37383833798938
58.64654301490081
59.79408114795793
60.028783511218606
60.1287672476651
62.08977839464251
61.01411771916447
60.795341447550754
61.58955247179749
61.53215696658685
61.73674110954362
62.34595229185639
62.44846631094206
63.25192531288071
64.07495614579318
65.16119996163039
64.29372639698794
64.37718107894435
64.21523919133332
65.83949668413223
65.31418678443185
65.52821879063666
66.17002759197052
64.88328294994199
64.06267579811609
62.84091527587168
64.27013678357775
67.89165944193171
61.09709955916886
59.11331407798306
60.325394950505554
58.28240116429396
58.88707445418652
58.22741763382051
70.67685049921347
57.30077380437079
54.84276223528694
53.962584719117444
54.07624600921936
54.23228295477196
54.36605206819909
52.698663222739526
52.07760010823983
50.906536978722826
49.626681356475764
48.21039639078897
47.82170314251019
47.79268040707752
47.33394476233966
47.57557352684215
47.28717929613551
48.76036640265622
48.47022613107141
48.85633958072723
48.84345344909391
48.28752714701722
45.81359322599605
45.306102044152276
44.515119631194764
45.46424830877206
45.90716002875009
46.64045819673514
46.57819869424482
45.169011141515114
44.48309942345038
45.10915638790487
44.85362926428142
44.700794866030726
45.423951514084926
45.86168199248577
45.60075244470889
46.166668324856694
46.17198410156845
46.622841409254995
45.43402338266241
45.049840225896084
44.96998929720452
44.8520594667242
44.40156547504796
42.4899902889243
44.28368348965563
46.013796137692445
46.60562502777334
47.004506456643206
46.80066878711359
47.02514315901398
47.351855520597056
47.4998495128373
47.10414261137721
47.83808042829903
47.33080857276896
46.95197058197987
46.607189204881436
46.78827595189788
41.46146959221031
46.93554776672403
46.526016996378054
45.845191756764116
45.03203672414826
45.34703892358983
43.92942782508938
45.210192761447246
46.37744231296695
48.95487289874202
32.02475636253436
47.4928332211183
48.63774432992015
49.213470769754835
49.07116151068393
50.97826744213853
51.764040465108096
50.789872118936465
51.80385997579869
44.04749073153351
52.132626056042795
52.949022130550496
54.039644744136474
63.50642740136537
53.46407095376429
54.15511147969217
55.41622488398011
53.95047802749833
54.07075757629845
52.895738472675575
53.93629403148081
53.4294982924518
54.71246078056755
67.60719486243458
57.911327823739526
56.334283922775946
56.78035761130282
56.92313600738818
54.9257683936328
54.505935601583964
53.0969902373135
52.13079633903409
51.81666503613329
50.31255679824766
44.16192306446894
49.40520412163209
47.65754124226398
47.8511887915013
47.84354672259578
46.3805506506539
44.575824350285515
44.381603102303885
42.62687686161946
42.08408787008874
42.7814401246019
42.582619773400076
42.945645793353
41.64848798349455
40.54210269782518
38.617464498053295
31.22911726105182
35.84468479683083
34.34547361711506
34.74712114121161
33.892689220100536
35.06160263145185
33.80469615532421
27.986027407842577
34.34756701867653
34.54780062881366
35.58823397480492
35.62915917750014
35.18142315237465
34.6706702058308
44.98874713733589
34.67618312638223
33.73139316719565
34.06077667592555
34.67523749427821
33.82993701074446
33.20934126549547
53.21248632849924
32.01039136429587
30.940636286733337
31.765709785807914
31.324318912995054
31.596102308726472
31.358458017819615
32.59351598489221
34.18132150672328
35.75525584969782
38.263517986954696
38.80359398410762
38.39159295961465
39.98125717805199
40.213433400927975
39.84553005189838
38.67473655464458
40.70228290560481
42.11546334884492
43.28892343356726
57.742574759664805
45.11342667973395
46.14523652195775
46.01675290104364
46.69686402648746
47.639560170888515
48.50544304618419
49.859248741936135
50.14356679454551
52.122476178199285
52.469306369387496
54.35061506888934
54.13573720924783
53.61477609073557
61.32142624904306
56.294814774230176
55.67321490268686
54.78696401172316
55.460551180007684
55.321557707238625
56.469228406446035
57.49087521782698
56.866169341346044
57.64157331438217
58.24102690713863
58.35095091994232
58.62281485887675
58.32918625551243
44.255510985822326
57.04170812276025
56.31600482718416
57.13954708392809
57.418098743628256
56.190181497936464
55.30806098260676
66.44400153421046
56.60995402321774
53.67140436631887
54.367066894227904
54.209552840296126
53.14628370768806
62.601271868074804
53.49785958688985
53.931597542740164
52.29500340044406
53.190145651855545
51.07106125907089
51.311131284609765
52.10116694193459
50.924817471610005
49.48252392011596
47.52508614692066
47.70227349434002
46.881489023780574
46.29067697602216
44.295533746513875
43.16404953843241
43.71728814801128
44.12403121229322
42.42102664470542
41.374249856582445
52.24477939397259
42.18049671781213
43.45195662163677
42.573544575651525
23.021911387038696
42.59456824284561
42.30994590118414
43.12839328632165
41.995945741849816
41.476416243706566
39.636491043467814
39.18509571555987
39.1647922533838
40.431604687225544
42.83254233104912
42.80109100578688
50.097717718169235
42.747399319000934
42.6043961206719
43.36604062335788
43.84533320372754
44.62367266476732
43.51766236602299
45.502856068032656
47.20296221678802
46.82201448444938
48.56304337826705
48.50277787608667
49.04243615993992
49.066218613088324
50.44569835674598
51.14984257099407
51.57730564186157
52.21150673952941
53.15151283261496
52.9097132192262
53.105300236158634
53.668441032185086
54.255998456009856
69.07670166615047
59.574484483865554
53.8895682590009
56.42819220828359
56.05675688021403
38.84732625378426
49.44779634256992
58.2837925018349
58.05143774644788
58.716183825945414
57.786191919403905
58.257357801006336
58.40348645597844
59.40214534153593
59.47283963273978
59.08279945751873
60.649319638541336
62.97952787322568
62.02606179146535
64.66902478412797
64.0888753587044
62.80205171204456
63.62280436795373
62.67574400014356
62.60930376641676
64.28489351995174
63.7383277131416
64.22912897185337
63.262245821242104
65.6155746648595
65.16937568774851
63.53744445348683
62.72112571291299
61.39101932571688
62.39884187104809
61.462537634461796
59.815771920618516
74.01684046760533
59.15170692734208
60.08929732799896
59.08660684078448
58.522063961469996
57.771441703157535
58.440121988576685
57.08347033522439
58.61697747750415
57.42311890527523
59.03375873832955
59.86997192191315
61.196925042919084
61.20307636410841
60.13827700472328
60.64692450255888
50.144762781321596
58.702185687099366
58.86992799123159
59.80816044939064
59.41814399487564
60.26039799379564
59.695371011060956
59.978490307153336
54.125086441707474
57.19237629686882
58.19997363432388
57.977025026112
55.57094543240041
65.03569453573242
54.11763150296041
55.27848214215399
61.47997552918141
54.376692186923336
53.35938272467221
55.129963224121695
53.18975432779198
52.69092609568169
52.12622571812343
50.84753137038489
49.333529847981076
50.26082576298432
50.374783967311416
51.65893480788357
54.217224764969906
54.253602072805236
55.17858606111173
56.37558021583924
58.211973402572276
60.03909344712763
60.04171657388428
59.858627516069085
61.12827216449695
61.88140951409201
62.36613163794698
60.91550247726681
60.616130849105204
61.413320035042574
61.479924147491715
61.244255404985815
58.42284899353157
61.8443423133133
62.2204476581978
62.499777233627896
